c1=100;
c2=1000;
k1=10000;
k2=100000;
m1=10;
m2=100;